4294967279,124
4294967279,123
4294967279,122
4294967279,121
4294967279,120
4294967279,119
4294967278,190
4294967278,188
4294967278,187
4294967279,188
4294967278,185
4294967278,183
4294967278,182
4294967279,435
4294967279,129
4294967279,128
4294967279,127
4294967279,126
4294967279,125
4294967279,305
4294967278,351
4294967278,13
4294967278,12
4294967278,11
4294967278,10
4294967278,9
4294967278,8
4294967278,7
4294967278,6
4294967278,4
4294967279,132
4294967279,131
4294967279,130
4294967278,571
4294967278,247
4294967279,415
4294967278,359
4294967279,445
4294967278,356
4294967279,307
4294967279,169
4294967278,557
4294967279,167
4294967278,165
4294967278,288
4294967278,539
4294967279,306
4294967278,574
4294967279,434
4294967279,270
4294967278,573
4294967279,389
4294967279,437
4294967279,414
4294967278,5
4294967278,38
4294967278,37
4294967278,36
4294967278,35
4294967278,34
4294967278,33
4294967278,32
4294967278,31
4294967278,30
4294967278,29
4294967278,28
4294967278,27
4294967278,26
4294967278,25
4294967278,24
4294967278,23
4294967278,22
4294967278,21
4294967278,20
4294967278,19
4294967278,18
4294967278,17
4294967278,16
4294967278,15
4294967278,14
4294967279,360
4294967279,403
4294967279,431
4294967279,229
4294967278,562
4294967279,294
4294967279,402
4294967279,302
4294967279,430
4294967278,131
4294967278,129
4294967278,128
4294967278,126
4294967278,125
4294967278,124
4294967278,123
4294967278,120
4294967278,118
4294967278,117
4294967278,116
4294967278,115
4294967278,114
4294967278,109
4294967278,105
4294967278,102
4294967278,101
4294967278,100
4294967278,99
4294967278,91
4294967278,90
4294967278,89
4294967278,86
4294967278,85
4294967278,84
4294967278,83
4294967278,79
4294967278,77
4294967279,340
4294967278,75
4294967279,409
4294967278,74
4294967278,72
4294967278,71
4294967278,70
4294967278,69
4294967278,65
4294967278,63
4294967278,61
4294967278,60
4294967278,59
4294967278,58
4294967278,57
4294967278,56
4294967278,55
4294967278,54
4294967278,53
4294967278,52
4294967278,260
4294967279,138
4294967279,139
4294967279,268
4294967279,413
4294967278,233
4294967279,408
4294967279,264
4294967278,51
4294967278,50
4294967278,49
4294967278,48
4294967278,47
4294967278,46
4294967278,45
4294967278,44
4294967278,43
4294967278,42
4294967278,41
4294967278,40
4294967278,39
4294967279,83
4294967279,82
4294967279,81
4294967279,80
4294967279,79
4294967279,78
4294967279,77
4294967279,76
4294967279,75
4294967279,74
4294967279,73
4294967279,72
4294967279,71
4294967279,69
4294967279,68
4294967279,67
4294967279,66
4294967279,64
4294967279,63
4294967279,61
4294967279,60
4294967279,59
4294967279,58
4294967279,57
4294967279,56
4294967279,55
4294967279,54
4294967279,53
4294967279,52
4294967279,51
4294967279,50
4294967279,49
4294967279,48
4294967279,47
4294967279,46
4294967279,45
4294967279,44
4294967279,43
4294967279,42
4294967279,41
4294967279,38
4294967279,263
4294967279,276
4294967279,258
4294967279,429
4294967278,355
4294967279,407
4294967278,223
4294967279,386
4294967278,569
4294967279,423
4294967278,522
4294967278,317
4294967278,541
4294967278,518
4294967278,517
4294967279,410
4294967278,328
4294967278,246
4294967279,412
4294967278,560
4294967279,36
4294967279,35
4294967279,34
4294967279,33
4294967279,32
4294967279,31
4294967279,30
4294967279,328
4294967278,354
4294967279,299
4294967279,371
4294967278,243
4294967278,320
4294967279,369
4294967278,137
4294967279,313
4294967279,28
4294967279,27
4294967279,25
4294967279,24
4294967279,23
4294967279,22
4294967279,21
4294967279,20
4294967279,19
4294967279,18
4294967279,16
4294967278,221
4294967279,225
4294967278,216
4294967279,214
4294967278,353
4294967278,208
4294967278,383
4294967278,98
4294967279,15
4294967279,14
4294967279,13
4294967279,12
4294967279,11
4294967279,10
4294967279,9
4294967279,8
4294967279,7
4294967279,6
4294967279,417
4294967278,107
4294967278,106
4294967278,104
4294967279,427
4294967279,205
4294967279,316
4294967278,196
4294967279,393
4294967278,331
4294967279,426
4294967278,298
4294967279,194
4294967278,543
4294967278,97
4294967278,87
4294967279,384
4294967278,367
4294967278,189
4294967279,309
4294967278,95
4294967279,84
4294967278,215
4294967278,184
4294967279,185
4294967278,132
4294967278,130
4294967278,127
4294967278,113
4294967278,82
4294967278,81
4294967278,80
4294967278,78
4294967278,76
4294967278,73
4294967279,260
4294967279,40
4294967279,39
4294967279,37
4294967279,29
4294967279,26
4294967279,17
4294967279,5
4294967279,4
4294967278,332
4294967279,70
4294967279,315
4294967278,318
4294967278,68
4294967278,575
4294967278,67
4294967278,365
4294967279,181
4294967278,66
4294967278,249
4294967278,178
4294967279,65
4294967279,308
4294967278,64
4294967278,334
4294967278,62
4294967278,333
4294967279,424
4294967279,62
4294967279,175
4294967278,538
4294967278,0
4294967278,166
4294967279,361
4294967294,5
4294967279,165
4294967294,36
4294967294,39
4294967294,428
4294967278,550
4294967279,346
4294967279,0
4294967278,330
4294967294,42
4294967294,76
4294967294,41
4294967294,424
4294967294,417
4294967294,51
4294967294,52
4294967294,469
4294967294,915
4294967294,82
4294967294,83
4294967293,131
4294967293,130
4294967293,129
4294967293,128
4294967293,127
4294967293,126
4294967293,125
4294967293,124
4294967293,123
4294967293,122
4294967293,121
4294967293,120
4294967293,119
4294967293,118
4294967293,117
4294967293,116
4294967293,115
4294967293,114
4294967293,113
4294967293,112
4294967293,111
4294967293,110
4294967293,109
4294967293,108
4294967293,107
